-1.000	-23.000	-20.940
-0.990	-22.711	-22.441
-0.980	-22.424	-23.237
-0.970	-22.138	-19.687
-0.960	-21.854	-20.616
-0.950	-21.572	-21.226
-0.940	-21.292	-20.284
-0.930	-21.013	-21.775
-0.920	-20.736	-19.452
-0.910	-20.461	-20.058
-0.900	-20.187	-19.250
-0.890	-19.915	-21.486
-0.880	-19.644	-17.341
-0.870	-19.376	-18.724
-0.860	-19.108	-21.984
-0.850	-18.842	-18.137
-0.840	-18.578	-16.667
-0.830	-18.315	-17.358
-0.820	-18.054	-15.983
-0.810	-17.794	-15.815
-0.800	-17.536	-18.900
-0.790	-17.279	-20.738
-0.780	-17.024	-14.341
-0.770	-16.770	-16.183
-0.760	-16.517	-16.486
-0.750	-16.266	-16.875
-0.740	-16.016	-18.318
-0.730	-15.767	-15.435
-0.720	-15.520	-17.581
-0.710	-15.274	-16.533
-0.700	-15.029	-15.342
-0.690	-14.786	-13.652
-0.680	-14.543	-13.980
-0.670	-14.302	-16.320
-0.660	-14.062	-11.840
-0.650	-13.824	-13.775
-0.640	-13.586	-10.781
-0.630	-13.350	-15.164
-0.620	-13.115	-14.289
-0.610	-12.881	-14.032
-0.600	-12.648	-12.809
-0.590	-12.416	-13.882
-0.580	-12.185	-13.631
-0.570	-11.956	-15.524
-0.560	-11.727	-12.984
-0.550	-11.499	-11.113
-0.540	-11.272	-11.548
-0.530	-11.047	-11.298
-0.520	-10.822	-10.997
-0.510	-10.598	-10.345
-0.500	-10.375	-11.127
-0.490	-10.153	-11.211
-0.480	-9.932	-9.170
-0.470	-9.711	-10.343
-0.460	-9.492	-9.148
-0.450	-9.273	-10.713
-0.440	-9.056	-9.275
-0.430	-8.839	-7.722
-0.420	-8.622	-9.958
-0.410	-8.407	-8.198
-0.400	-8.192	-8.546
-0.390	-7.978	-8.091
-0.380	-7.765	-8.302
-0.370	-7.552	-10.668
-0.360	-7.340	-7.555
-0.350	-7.129	-5.039
-0.340	-6.918	-5.940
-0.330	-6.708	-7.274
-0.320	-6.498	-7.490
-0.310	-6.289	-5.916
-0.300	-6.081	-6.656
-0.290	-5.873	-6.666
-0.280	-5.666	-5.583
-0.270	-5.459	-3.578
-0.260	-5.253	-9.033
-0.250	-5.047	-4.170
-0.240	-4.841	-6.354
-0.230	-4.637	-3.220
-0.220	-4.432	-8.068
-0.210	-4.228	-4.564
-0.200	-4.024	-3.937
-0.190	-3.821	-4.457
-0.180	-3.617	-3.922
-0.170	-3.415	-5.684
-0.160	-3.212	-4.902
-0.150	-3.010	-4.233
-0.140	-2.808	-2.258
-0.130	-2.607	-3.486
-0.120	-2.405	-0.099
-0.110	-2.204	-1.994
-0.100	-2.003	-4.797
-0.090	-1.802	-2.483
-0.080	-1.602	-2.580
-0.070	-1.401	-1.246
-0.060	-1.201	-1.532
-0.050	-1.000	-1.419
-0.040	-0.800	-1.901
-0.030	-0.600	-0.697
-0.020	-0.400	-2.566
-0.010	-0.200	0.719
0.000	0.000	-1.985
0.010	0.200	-0.792
0.020	0.400	0.181
0.030	0.600	0.972
0.040	0.800	0.685
0.050	1.000	3.608
0.060	1.201	3.634
0.070	1.401	2.341
0.080	1.602	1.739
0.090	1.802	0.591
0.100	2.003	1.311
0.110	2.204	0.095
0.120	2.405	1.843
0.130	2.607	1.900
0.140	2.808	5.435
0.150	3.010	4.140
0.160	3.212	3.310
0.170	3.415	2.976
0.180	3.617	3.742
0.190	3.821	4.970
0.200	4.024	7.379
0.210	4.228	4.718
0.220	4.432	5.727
0.230	4.637	5.656
0.240	4.841	5.674
0.250	5.047	6.549
0.260	5.253	7.142
0.270	5.459	5.525
0.280	5.666	5.195
0.290	5.873	6.213
0.300	6.081	7.576
0.310	6.289	8.113
0.320	6.498	5.684
0.330	6.708	8.076
0.340	6.918	6.660
0.350	7.129	6.625
0.360	7.340	8.152
0.370	7.552	8.950
0.380	7.765	6.909
0.390	7.978	5.730
0.400	8.192	8.116
0.410	8.407	9.236
0.420	8.622	8.748
0.430	8.839	11.205
0.440	9.056	8.559
0.450	9.273	10.466
0.460	9.492	8.315
0.470	9.711	7.817
0.480	9.932	10.932
0.490	10.153	8.064
0.500	10.375	8.424
0.510	10.598	9.690
0.520	10.822	8.589
0.530	11.047	11.884
0.540	11.272	10.856
0.550	11.499	9.559
0.560	11.727	10.394
0.570	11.956	10.476
0.580	12.185	12.078
0.590	12.416	8.794
0.600	12.648	11.606
0.610	12.881	10.794
0.620	13.115	13.609
0.630	13.350	14.248
0.640	13.586	13.807
0.650	13.824	13.672
0.660	14.062	10.110
0.670	14.302	14.344
0.680	14.543	13.229
0.690	14.786	14.387
0.700	15.029	14.538
0.710	15.274	13.536
0.720	15.520	16.390
0.730	15.767	16.127
0.740	16.016	15.489
0.750	16.266	17.604
0.760	16.517	18.884
0.770	16.770	15.107
0.780	17.024	16.985
0.790	17.279	15.613
0.800	17.536	18.662
0.810	17.794	18.545
0.820	18.054	17.278
0.830	18.315	17.477
0.840	18.578	17.448
0.850	18.842	20.231
0.860	19.108	18.735
0.870	19.376	19.151
0.880	19.644	17.757
0.890	19.915	20.384
0.900	20.187	24.222
0.910	20.461	20.895
0.920	20.736	18.602
0.930	21.013	21.383
0.940	21.292	19.138
0.950	21.572	21.795
0.960	21.854	19.315
0.970	22.138	23.217
0.980	22.424	24.136
0.990	22.711	25.039
1.000	23.000	25.075
