
y=[1 2 3; 4 5 6; 2 3 8] 

x=[1 2 3; 4 5 6]
z=x*y 